-0.012218 -0.010996 0.039097
-0.018327 -0.010996 0.039097
-0.017105 -0.009774 0.039097
-0.013440 -0.009774 0.040319
-0.010996 -0.009774 0.040319
-0.012218 -0.010996 0.040319
-0.013440 -0.009774 0.039097
-0.014661 -0.008553 0.040319
-0.013440 -0.009774 0.040319
-0.007331 -0.009774 0.042763
-0.007331 -0.009774 0.041541
-0.010996 -0.010996 0.040319
-0.015883 -0.010996 0.039097
-0.023214 -0.009774 0.037876
-0.015883 -0.010996 0.040319
-0.010996 -0.010996 0.040319
-0.007331 -0.010996 0.041541
-0.014661 -0.009774 0.039097
-0.014661 -0.009774 0.040319
-0.010996 -0.009774 0.040319
-0.013440 -0.009774 0.040319
-0.014661 -0.009774 0.040319
-0.019549 -0.009774 0.039097
-0.018327 -0.010996 0.037876
-0.010996 -0.009774 0.041541
-0.015883 -0.009774 0.039097
-0.012218 -0.009774 0.039097
-0.013440 -0.010996 0.040319
-0.015883 -0.009774 0.040319
-0.017105 -0.009774 0.040319
-0.015883 -0.009774 0.039097
-0.012218 -0.009774 0.040319
-0.010996 -0.009774 0.040319
-0.010996 -0.010996 0.040319
-0.012218 -0.009774 0.040319
-0.013440 -0.010996 0.040319
-0.017105 -0.009774 0.040319
-0.013440 -0.009774 0.039097
-0.009774 -0.010996 0.040319
-0.008553 -0.009774 0.041541
-0.012218 -0.009774 0.039097
-0.015883 -0.009774 0.040319
-0.009774 -0.009774 0.040319
-0.014661 -0.009774 0.040319
-0.018327 -0.010996 0.037876
-0.015883 -0.009774 0.039097
-0.009774 -0.010996 0.041541
-0.013440 -0.009774 0.040319
-0.015883 -0.009774 0.039097
-0.012218 -0.009774 0.040319
-0.013440 -0.009774 0.040319
-0.013440 -0.009774 0.039097
-0.014661 -0.009774 0.039097
-0.014661 -0.009774 0.039097
-0.014661 -0.008553 0.040319
-0.013440 -0.010996 0.040319
-0.012218 -0.008553 0.039097
-0.012218 -0.010996 0.041541
-0.014661 -0.009774 0.040319
-0.009774 -0.009774 0.040319
-0.009774 -0.009774 0.040319
-0.015883 -0.009774 0.040319
-0.018327 -0.009774 0.039097
-0.019549 -0.009774 0.037876
-0.010996 -0.008553 0.040319
-0.009774 -0.009774 0.040319
-0.014661 -0.009774 0.037876
-0.013440 -0.009774 0.040319
-0.008553 -0.009774 0.040319
-0.012218 -0.009774 0.040319
-0.014661 -0.010996 0.039097
-0.010996 -0.009774 0.040319
-0.012218 -0.009774 0.040319
-0.014661 -0.009774 0.039097
-0.018327 -0.009774 0.037876
-0.014661 -0.010996 0.040319
-0.010996 -0.010996 0.040319
-0.008553 -0.010996 0.040319
-0.008553 -0.009774 0.040319
-0.013440 -0.010996 0.040319
-0.002444 -0.009774 0.042763
-0.006109 -0.009774 0.041541
-0.020770 -0.010996 0.039097
-0.026879 -0.009774 0.036654
-0.010996 -0.010996 0.040319
-0.004887 -0.009774 0.042763
-0.003665 -0.009774 0.042763
-0.006109 -0.009774 0.041541
-0.003665 -0.009774 0.042763
-0.004887 -0.008553 0.042763
-0.008553 -0.009774 0.040319
-0.014661 -0.009774 0.039097
-0.015883 -0.009774 0.039097
-0.018327 -0.010996 0.040319
-0.018327 -0.009774 0.039097
-0.017105 -0.009774 0.039097
-0.010996 -0.009774 0.040319
-0.010996 -0.009774 0.039097
-0.013440 -0.009774 0.039097
-0.015883 -0.009774 0.040319
-0.015883 -0.010996 0.037876
-0.015883 -0.009774 0.039097
-0.013440 -0.009774 0.040319
-0.012218 -0.010996 0.040319
-0.012218 -0.009774 0.040319
-0.014661 -0.009774 0.040319
-0.013440 -0.009774 0.040319
-0.015883 -0.009774 0.039097
-0.012218 -0.009774 0.040319
-0.014661 -0.009774 0.040319
-0.015883 -0.010996 0.040319
-0.017105 -0.009774 0.039097
-0.015883 -0.009774 0.039097
-0.015883 -0.010996 0.039097
-0.013440 -0.009774 0.040319
-0.013440 -0.009774 0.039097
-0.013440 -0.009774 0.039097
-0.012218 -0.009774 0.040319
-0.013440 -0.009774 0.040319
-0.013440 -0.010996 0.040319
-0.012218 -0.010996 0.040319
-0.010996 -0.009774 0.040319
-0.014661 -0.009774 0.037876
-0.014661 -0.009774 0.039097
-0.014661 -0.010996 0.041541
-0.013440 -0.009774 0.039097
-0.014661 -0.009774 0.040319
-0.014661 -0.009774 0.039097
-0.014661 -0.009774 0.039097
-0.014661 -0.009774 0.040319
-0.014661 -0.010996 0.040319
-0.010996 -0.008553 0.040319
-0.012218 -0.009774 0.039097
-0.013440 -0.009774 0.039097
-0.014661 -0.010996 0.039097
-0.014661 -0.009774 0.040319
-0.012218 -0.010996 0.039097
-0.013440 -0.009774 0.040319
-0.013440 -0.009774 0.040319
-0.014661 -0.009774 0.041541
-0.010996 -0.009774 0.039097
-0.013440 -0.010996 0.039097
-0.014661 -0.010996 0.039097
-0.015883 -0.009774 0.039097
-0.015883 -0.009774 0.040319
-0.017105 -0.010996 0.039097
-0.015883 -0.010996 0.040319
-0.013440 -0.010996 0.039097
-0.014661 -0.009774 0.040319
-0.013440 -0.010996 0.040319
-0.014661 -0.009774 0.040319
-0.015883 -0.009774 0.040319
-0.015883 -0.010996 0.039097
-0.014661 -0.008553 0.037876
-0.014661 -0.010996 0.040319
-0.015883 -0.009774 0.039097
-0.013440 -0.009774 0.040319
-0.013440 -0.009774 0.040319
-0.013440 -0.010996 0.041541
-0.013440 -0.010996 0.041541
-0.014661 -0.009774 0.039097
-0.012218 -0.010996 0.040319
-0.012218 -0.010996 0.039097
-0.002444 -0.009774 0.041541
-0.002444 -0.009774 0.041541
-0.003665 -0.009774 0.041541
-0.009774 -0.010996 0.041541
-0.015883 -0.009774 0.039097
-0.024436 -0.010996 0.036654
-0.026879 -0.009774 0.036654
-0.023214 -0.009774 0.037876
-0.014661 -0.009774 0.039097
-0.008553 -0.009774 0.041541
-0.024436 -0.009774 0.036654
-0.013440 -0.009774 0.040319
-0.008553 -0.009774 0.041541
-0.007331 -0.008553 0.041541
-0.008553 -0.010996 0.040319
-0.009774 -0.009774 0.041541
-0.010996 -0.009774 0.039097
-0.015883 -0.009774 0.039097
-0.021992 -0.009774 0.037876
-0.021992 -0.010996 0.037876
-0.019549 -0.009774 0.039097
-0.017105 -0.009774 0.039097
-0.015883 -0.009774 0.037876
-0.017105 -0.009774 0.040319
-0.012218 -0.009774 0.039097
-0.010996 -0.009774 0.037876
-0.010996 -0.009774 0.040319
-0.015883 -0.009774 0.039097
-0.017105 -0.009774 0.039097
-0.013440 -0.010996 0.037876
-0.012218 -0.010996 0.040319
-0.012218 -0.009774 0.040319
-0.012218 -0.009774 0.039097
-0.013440 -0.009774 0.039097
-0.015883 -0.009774 0.039097
-0.014661 -0.010996 0.039097
-0.014661 -0.009774 0.040319
-0.014661 -0.009774 0.040319
-0.012218 -0.009774 0.041541
-0.013440 -0.010996 0.040319
-0.013440 -0.009774 0.040319
-0.013440 -0.009774 0.040319
-0.014661 -0.008553 0.040319
-0.013440 -0.010996 0.039097
-0.014661 -0.009774 0.039097
-0.015883 -0.010996 0.040319
-0.013440 -0.009774 0.040319
-0.012218 -0.009774 0.039097
-0.014661 -0.008553 0.039097
-0.012218 -0.009774 0.040319
-0.014661 -0.009774 0.040319
-0.014661 -0.010996 0.039097
-0.008553 -0.009774 0.041541
-0.007331 -0.009774 0.041541
-0.014661 -0.010996 0.039097
-0.026879 -0.010996 0.036654
-0.020770 -0.009774 0.039097
-0.007331 -0.009774 0.041541
-0.013440 -0.009774 0.040319
-0.008553 -0.009774 0.040319
-0.010996 -0.009774 0.039097
-0.015883 -0.009774 0.039097
-0.012218 -0.010996 0.040319
-0.008553 -0.010996 0.040319
-0.014661 -0.009774 0.039097
-0.020770 -0.010996 0.037876
-0.021992 -0.009774 0.036654
-0.015883 -0.009774 0.037876
-0.012218 -0.009774 0.039097
-0.015883 -0.009774 0.040319
-0.013440 -0.009774 0.039097
-0.010996 -0.009774 0.040319
-0.010996 -0.010996 0.040319
-0.012218 -0.009774 0.040319
-0.013440 -0.010996 0.039097
-0.017105 -0.010996 0.037876
-0.017105 -0.009774 0.039097
-0.017105 -0.009774 0.040319
-0.013440 -0.009774 0.040319
-0.012218 -0.009774 0.039097
-0.015883 -0.009774 0.039097
-0.015883 -0.009774 0.039097
-0.010996 -0.010996 0.040319
-0.009774 -0.010996 0.041541
-0.015883 -0.009774 0.039097
-0.015883 -0.009774 0.037876
-0.010996 -0.010996 0.040319
-0.017105 -0.009774 0.039097
-0.018327 -0.010996 0.039097
-0.014661 -0.008553 0.039097
-0.014661 -0.010996 0.040319
-0.013440 -0.010996 0.039097
-0.012218 -0.009774 0.040319
-0.013440 -0.009774 0.040319
-0.013440 -0.009774 0.040319
-0.010996 -0.009774 0.039097
-0.014661 -0.010996 0.039097
-0.017105 -0.009774 0.039097
-0.015883 -0.008553 0.039097
-0.013440 -0.010996 0.040319
-0.010996 -0.009774 0.040319
-0.010996 -0.009774 0.040319
-0.013440 -0.009774 0.039097
-0.015883 -0.009774 0.040319
-0.013440 -0.010996 0.039097
-0.014661 -0.009774 0.039097
-0.017105 -0.010996 0.040319
-0.017105 -0.009774 0.039097
-0.017105 -0.009774 0.039097
-0.014661 -0.010996 0.040319
-0.010996 -0.009774 0.040319
-0.010996 -0.010996 0.041541
-0.013440 -0.009774 0.040319
-0.014661 -0.009774 0.040319
-0.015883 -0.009774 0.039097
-0.013440 -0.009774 0.040319
-0.012218 -0.010996 0.040319
-0.014661 -0.008553 0.039097
-0.014661 -0.008553 0.040319
-0.014661 -0.010996 0.040319
-0.014661 -0.010996 0.039097
-0.015883 -0.009774 0.039097
-0.014661 -0.009774 0.039097
-0.012218 -0.009774 0.039097
-0.012218 -0.009774 0.040319
-0.010996 -0.009774 0.040319
-0.012218 -0.009774 0.040319
-0.010996 -0.009774 0.040319
-0.010996 -0.009774 0.040319
-0.009774 -0.009774 0.040319
-0.014661 -0.009774 0.040319
-0.015883 -0.009774 0.040319
-0.019549 -0.009774 0.036654
-0.018327 -0.010996 0.039097
-0.013440 -0.009774 0.040319
-0.009774 -0.009774 0.040319
-0.010996 -0.009774 0.040319
-0.017105 -0.009774 0.037876
-0.013440 -0.009774 0.041541
-0.014661 -0.009774 0.037876
-0.015883 -0.009774 0.037876
-0.018327 -0.009774 0.037876
-0.015883 -0.009774 0.040319
-0.013440 -0.010996 0.040319
-0.012218 -0.009774 0.041541
-0.009774 -0.009774 0.041541
-0.008553 -0.010996 0.041541
-0.012218 -0.009774 0.040319
-0.018327 -0.009774 0.037876
-0.013440 -0.010996 0.040319
-0.017105 -0.010996 0.040319
-0.019549 -0.010996 0.040319
-0.017105 -0.009774 0.039097
-0.015883 -0.009774 0.039097
-0.013440 -0.010996 0.039097
-0.010996 -0.009774 0.041541
-0.009774 -0.009774 0.040319
-0.010996 -0.009774 0.040319
-0.014661 -0.009774 0.040319
-0.017105 -0.009774 0.039097
-0.013440 -0.010996 0.040319
-0.014661 -0.009774 0.039097
-0.015883 -0.009774 0.039097
-0.014661 -0.010996 0.040319
-0.014661 -0.009774 0.039097
-0.014661 -0.008553 0.040319
-0.013440 -0.009774 0.040319
-0.012218 -0.009774 0.040319
-0.012218 -0.009774 0.039097
-0.014661 -0.009774 0.039097
-0.015883 -0.010996 0.039097
-0.012218 -0.009774 0.040319
-0.013440 -0.009774 0.039097
-0.015883 -0.009774 0.037876
-0.017105 -0.009774 0.039097
-0.017105 -0.009774 0.039097
-0.014661 -0.009774 0.040319
-0.014661 -0.009774 0.039097
-0.010996 -0.008553 0.040319
-0.012218 -0.009774 0.039097
-0.014661 -0.009774 0.039097
-0.015883 -0.009774 0.039097
-0.012218 -0.010996 0.040319
-0.014661 -0.010996 0.039097
-0.014661 -0.010996 0.039097
-0.015883 -0.009774 0.039097
-0.014661 -0.009774 0.037876
-0.013440 -0.009774 0.040319
-0.012218 -0.009774 0.040319
-0.012218 -0.009774 0.040319
-0.013440 -0.009774 0.037876
-0.013440 -0.009774 0.040319
-0.014661 -0.009774 0.040319
-0.013440 -0.009774 0.040319
-0.014661 -0.009774 0.039097
-0.015883 -0.009774 0.040319
-0.013440 -0.009774 0.039097
-0.013440 -0.010996 0.039097
-0.013440 -0.009774 0.040319
-0.014661 -0.009774 0.039097
-0.014661 -0.009774 0.039097
-0.013440 -0.010996 0.039097
-0.012218 -0.009774 0.040319
-0.013440 -0.010996 0.040319
-0.013440 -0.009774 0.040319
-0.013440 -0.009774 0.039097
-0.015883 -0.009774 0.039097
-0.014661 -0.009774 0.040319
-0.014661 -0.009774 0.040319
-0.015883 -0.009774 0.039097
-0.014661 -0.008553 0.039097
-0.015883 -0.009774 0.040319
-0.013440 -0.009774 0.040319
-0.014661 -0.008553 0.039097
-0.013440 -0.009774 0.040319
-0.013440 -0.009774 0.040319
-0.013440 -0.010996 0.040319
-0.013440 -0.009774 0.039097
-0.014661 -0.010996 0.040319
-0.013440 -0.010996 0.040319
-0.014661 -0.009774 0.039097
-0.014661 -0.009774 0.041541
-0.013440 -0.010996 0.040319
-0.014661 -0.009774 0.041541
-0.012218 -0.009774 0.041541
-0.013440 -0.009774 0.040319
-0.012218 -0.010996 0.040319
-0.012218 -0.009774 0.039097
-0.014661 -0.009774 0.037876
-0.015883 -0.009774 0.039097
-0.014661 -0.009774 0.040319
-0.014661 -0.009774 0.039097
-0.013440 -0.010996 0.040319
-0.014661 -0.009774 0.040319
-0.013440 -0.010996 0.040319
-0.014661 -0.009774 0.039097
-0.014661 -0.010996 0.040319
-0.012218 -0.010996 0.040319
-0.014661 -0.009774 0.039097
-0.015883 -0.009774 0.039097
-0.014661 -0.009774 0.039097
-0.013440 -0.009774 0.040319
-0.017105 -0.009774 0.040319
-0.013440 -0.009774 0.039097
-0.013440 -0.009774 0.039097
-0.013440 -0.009774 0.039097
-0.012218 -0.009774 0.040319
-0.013440 -0.009774 0.040319
-0.014661 -0.009774 0.040319
-0.015883 -0.009774 0.039097
-0.015883 -0.010996 0.039097
-0.014661 -0.009774 0.039097
-0.013440 -0.009774 0.041541
-0.013440 -0.009774 0.040319
-0.014661 -0.009774 0.039097
-0.012218 -0.009774 0.039097
-0.013440 -0.012218 0.040319
-0.013440 -0.010996 0.040319
-0.014661 -0.010996 0.039097
-0.015883 -0.009774 0.040319
-0.014661 -0.010996 0.040319
-0.013440 -0.009774 0.040319
-0.013440 -0.010996 0.040319
-0.013440 -0.009774 0.040319
-0.013440 -0.010996 0.039097
-0.014661 -0.010996 0.040319
-0.013440 -0.010996 0.040319
-0.013440 -0.008553 0.040319
-0.015883 -0.010996 0.039097
-0.014661 -0.009774 0.039097
-0.013440 -0.009774 0.040319
-0.013440 -0.008553 0.039097
-0.013440 -0.009774 0.040319
-0.014661 -0.009774 0.039097
-0.012218 -0.010996 0.039097
-0.013440 -0.009774 0.040319
-0.012218 -0.009774 0.040319
-0.014661 -0.009774 0.040319
-0.014661 -0.009774 0.040319
-0.014661 -0.009774 0.040319
-0.013440 -0.009774 0.040319
-0.013440 -0.009774 0.040319
-0.012218 -0.009774 0.040319
-0.013440 -0.010996 0.040319
-0.010996 -0.009774 0.039097
-0.013440 -0.009774 0.040319
-0.014661 -0.009774 0.039097
-0.015883 -0.010996 0.040319
-0.012218 -0.010996 0.040319
-0.013440 -0.009774 0.039097
-0.014661 -0.010996 0.039097
-0.014661 -0.010996 0.040319
-0.015883 -0.010996 0.040319
-0.013440 -0.009774 0.040319
-0.013440 -0.009774 0.040319
-0.013440 -0.009774 0.040319
-0.013440 -0.009774 0.040319
-0.013440 -0.010996 0.039097
-0.013440 -0.009774 0.040319
-0.012218 -0.009774 0.040319
-0.013440 -0.009774 0.041541
-0.013440 -0.010996 0.040319
-0.015883 -0.009774 0.039097
-0.013440 -0.009774 0.040319
-0.014661 -0.009774 0.039097
-0.014661 -0.009774 0.039097
-0.013440 -0.009774 0.037876
-0.014661 -0.009774 0.040319
-0.014661 -0.009774 0.039097
-0.014661 -0.010996 0.039097
-0.012218 -0.009774 0.040319
-0.012218 -0.009774 0.039097
-0.012218 -0.009774 0.039097
-0.013440 -0.009774 0.039097
-0.015883 -0.010996 0.041541
-0.014661 -0.009774 0.040319
-0.014661 -0.009774 0.039097
-0.013440 -0.010996 0.039097
-0.014661 -0.010996 0.039097
-0.014661 -0.009774 0.040319
-0.012218 -0.009774 0.040319
-0.013440 -0.009774 0.040319
-0.012218 -0.010996 0.039097
-0.014661 -0.009774 0.040319
-0.014661 -0.010996 0.040319
-0.014661 -0.010996 0.040319
-0.014661 -0.009774 0.039097
-0.014661 -0.009774 0.039097
-0.014661 -0.009774 0.040319
-0.015883 -0.009774 0.039097
-0.013440 -0.009774 0.039097
-0.013440 -0.009774 0.039097
-0.014661 -0.009774 0.039097
-0.013440 -0.009774 0.040319
-0.014661 -0.009774 0.039097
-0.013440 -0.009774 0.041541
-0.014661 -0.009774 0.040319
-0.012218 -0.010996 0.039097
-0.013440 -0.009774 0.039097
-0.014661 -0.010996 0.041541
-0.013440 -0.009774 0.040319
-0.012218 -0.008553 0.041541
-0.013440 -0.009774 0.040319
-0.014661 -0.009774 0.040319
-0.014661 -0.009774 0.039097
-0.014661 -0.009774 0.039097
-0.015883 -0.010996 0.039097
-0.014661 -0.009774 0.041541
-0.013440 -0.010996 0.040319
-0.014661 -0.009774 0.039097
-0.013440 -0.009774 0.039097
-0.013440 -0.009774 0.040319
-0.013440 -0.009774 0.040319
-0.014661 -0.009774 0.040319
-0.014661 -0.009774 0.040319
-0.013440 -0.009774 0.039097
-0.013440 -0.009774 0.039097
-0.017105 -0.010996 0.040319
-0.013440 -0.010996 0.039097
-0.012218 -0.009774 0.040319
-0.014661 -0.009774 0.039097
-0.014661 -0.010996 0.040319
-0.014661 -0.009774 0.040319
-0.014661 -0.009774 0.039097
-0.014661 -0.009774 0.040319
-0.015883 -0.010996 0.040319
-0.014661 -0.010996 0.040319
-0.014661 -0.009774 0.040319
-0.013440 -0.009774 0.040319
-0.014661 -0.009774 0.039097
-0.012218 -0.009774 0.040319
-0.013440 -0.009774 0.040319
-0.014661 -0.009774 0.040319
-0.013440 -0.010996 0.039097
-0.013440 -0.009774 0.039097
-0.017105 -0.009774 0.039097
-0.014661 -0.010996 0.039097
-0.013440 -0.009774 0.041541
-0.013440 -0.009774 0.041541
-0.014661 -0.009774 0.039097
-0.015883 -0.010996 0.040319
-0.013440 -0.010996 0.040319
-0.014661 -0.010996 0.040319
-0.014661 -0.009774 0.040319
-0.014661 -0.010996 0.040319
-0.015883 -0.010996 0.040319
-0.013440 -0.009774 0.040319
-0.015883 -0.010996 0.039097
-0.015883 -0.010996 0.040319
-0.013440 -0.009774 0.041541
-0.013440 -0.009774 0.041541
-0.015883 -0.009774 0.040319
-0.013440 -0.009774 0.040319
-0.013440 -0.009774 0.040319
-0.013440 -0.009774 0.040319
-0.014661 -0.009774 0.039097
-0.014661 -0.009774 0.041541
-0.014661 -0.009774 0.039097
-0.015883 -0.010996 0.040319
-0.017105 -0.010996 0.040319
-0.013440 -0.009774 0.040319
-0.013440 -0.009774 0.039097
-0.010996 -0.009774 0.040319
-0.013440 -0.009774 0.039097
-0.014661 -0.010996 0.041541
-0.014661 -0.010996 0.040319
-0.013440 -0.010996 0.040319
-0.014661 -0.010996 0.039097
-0.014661 -0.010996 0.039097
-0.014661 -0.009774 0.040319
-0.014661 -0.010996 0.039097
-0.013440 -0.009774 0.039097
-0.013440 -0.009774 0.040319
-0.012218 -0.009774 0.040319
-0.013440 -0.009774 0.041541
-0.013440 -0.010996 0.039097
-0.015883 -0.009774 0.040319
-0.013440 -0.009774 0.040319
-0.014661 -0.009774 0.040319
-0.014661 -0.010996 0.040319
-0.015883 -0.010996 0.039097
-0.017105 -0.009774 0.039097
-0.014661 -0.009774 0.039097
-0.012218 -0.009774 0.040319
-0.014661 -0.009774 0.039097
-0.012218 -0.009774 0.040319
-0.013440 -0.010996 0.040319
-0.014661 -0.009774 0.040319
-0.014661 -0.009774 0.040319
-0.012218 -0.009774 0.040319
-0.010996 -0.009774 0.040319
-0.010996 -0.010996 0.040319
-0.014661 -0.009774 0.039097
-0.017105 -0.009774 0.039097
-0.014661 -0.009774 0.040319
-0.012218 -0.009774 0.039097
-0.013440 -0.009774 0.040319
-0.012218 -0.010996 0.040319
-0.012218 -0.010996 0.040319
-0.010996 -0.010996 0.040319
-0.013440 -0.009774 0.039097
-0.015883 -0.009774 0.039097
-0.015883 -0.009774 0.040319
-0.015883 -0.009774 0.039097
-0.014661 -0.010996 0.039097
-0.014661 -0.010996 0.040319
-0.010996 -0.010996 0.040319
-0.010996 -0.009774 0.040319
-0.010996 -0.009774 0.040319
-0.014661 -0.010996 0.039097
-0.009774 -0.009774 0.041541
-0.015883 -0.009774 0.040319
-0.017105 -0.010996 0.039097
-0.015883 -0.009774 0.040319
-0.013440 -0.010996 0.040319
-0.012218 -0.012218 0.041541
-0.012218 -0.008553 0.040319
-0.014661 -0.010996 0.040319
-0.017105 -0.009774 0.039097
-0.014661 -0.010996 0.039097
-0.010996 -0.009774 0.041541
-0.008553 -0.010996 0.039097
-0.009774 -0.009774 0.040319
-0.014661 -0.010996 0.040319
-0.015883 -0.009774 0.039097
-0.017105 -0.008553 0.039097
-0.014661 -0.010996 0.039097
-0.014661 -0.010996 0.039097
-0.014661 -0.010996 0.040319
-0.009774 -0.009774 0.041541
-0.010996 -0.009774 0.040319
-0.010996 -0.009774 0.041541
-0.013440 -0.008553 0.041541
-0.015883 -0.010996 0.040319
-0.019549 -0.009774 0.039097
-0.017105 -0.009774 0.039097
-0.012218 -0.009774 0.040319
-0.009774 -0.009774 0.039097
-0.010996 -0.010996 0.040319
-0.015883 -0.009774 0.040319
-0.015883 -0.008553 0.040319
-0.014661 -0.009774 0.040319
-0.013440 -0.009774 0.040319
-0.015883 -0.009774 0.039097
-0.015883 -0.009774 0.039097
-0.015883 -0.010996 0.040319
-0.018327 -0.010996 0.039097
